[0.7094023115720967, 0.7094023115720967, 1.1678299840693798, 1.1678299840693798, -0.18774445494199352, 0.1980080856146304, 0.1980080856146304]
1e-08
[ 1.  0.  0.  0.  0.  0.  0.]
[0.7094023115720967, 0.7094023115720967, 1.1678299840693798, 1.1678299840693798, -0.18774445494199352, 0.1980080856146304, 0.1980080856146304]
1e-08
[ 0.  1.  0.  0.  0.  0.  0.]
[0.7094023115720967, 0.7094023115720967, 1.1678299840693798, 1.1678299840693798, -0.18774445494199352, 0.1980080856146304, 0.1980080856146304]
1e-08
[ 0.  0.  1.  0.  0.  0.  0.]
[0.7094023115720967, 0.7094023115720967, 1.1678299840693798, 1.1678299840693798, -0.18774445494199352, 0.1980080856146304, 0.1980080856146304]
1e-08
[ 0.  0.  0.  1.  0.  0.  0.]
[0.7094023115720967, 0.7094023115720967, 1.1678299840693798, 1.1678299840693798, -0.18774445494199352, 0.1980080856146304, 0.1980080856146304]
1e-08
[ 0.  0.  0.  0.  1.  0.  0.]
[0.7094023115720967, 0.7094023115720967, 1.1678299840693798, 1.1678299840693798, -0.18774445494199352, 0.1980080856146304, 0.1980080856146304]
1e-08
[ 0.  0.  0.  0.  0.  1.  0.]
[0.7094023115720967, 0.7094023115720967, 1.1678299840693798, 1.1678299840693798, -0.18774445494199352, 0.1980080856146304, 0.1980080856146304]
1e-08
[ 0.  0.  0.  0.  0.  0.  1.]
[0.17057950605372743, 0.17057950605372743, 0.17057950763487642, 0.17057950763487642, 0.17057950455206752, 0.17057951397981755, 0.17057951397981744]
